C:\ProgramData\Anaconda3\python.exe C:/Users/feng/PycharmProjects/deapTest/main.py
   	      	                    fitness                    	                      size                     
   	      	-----------------------------------------------	-----------------------------------------------
gen	nevals	avg   	gen	max	min	nevals	std    	avg    	gen	max	min	nevals	std    
0  	150   	279.06	0  	378	142	150   	43.0831	4.02667	0  	7  	2  	150   	1.66912
1  	97    	264.833	1  	354	142	97    	44.2573	4.34   	1  	13 	1  	97    	2.19037
2  	78    	253.047	2  	372	142	78    	45.9269	4.94   	2  	14 	1  	78    	2.46368
3  	98    	252.3  	3  	350	142	98    	44.3123	5.44   	3  	14 	1  	98    	2.61911
4  	86    	255.62 	4  	361	142	86    	51.7177	5.20667	4  	15 	1  	86    	2.64398
5  	93    	251.393	5  	363	142	93    	48.0934	5.39333	5  	19 	1  	93    	2.75414
6  	84    	247.64 	6  	372	142	84    	54.3434	5.6    	6  	19 	1  	84    	3.20208
7  	91    	242.527	7  	355	142	91    	55.9458	5.49333	7  	23 	1  	91    	3.21402
8  	82    	237.527	8  	356	142	82    	58.872 	5.68667	8  	21 	1  	82    	3.48738
9  	76    	236.14 	9  	361	142	76    	63.6075	5.04   	9  	19 	1  	76    	2.89339
10 	99    	244.187	10 	361	142	99    	60.4839	4.82667	10 	14 	1  	99    	2.78746
11 	95    	247.313	11 	356	142	95    	56.6313	4.62   	11 	13 	1  	95    	2.54995
12 	86    	237.547	12 	352	142	86    	57.1079	4.58   	12 	13 	1  	86    	2.3924 
13 	90    	242.327	13 	356	142	90    	57.6766	4.56   	13 	14 	1  	90    	2.22854
14 	91    	243.853	14 	378	142	91    	62.9127	4.86   	14 	18 	1  	91    	2.81905
15 	103   	243.853	15 	350	142	103   	58.2661	4.90667	15 	14 	1  	103   	2.57772
16 	98    	247.167	16 	346	142	98    	54.674 	4.96   	16 	14 	1  	98    	2.67053
17 	105   	251.487	17 	359	142	105   	53.5972	4.72667	17 	15 	1  	105   	2.6023 
18 	96    	250.107	18 	352	142	96    	57.9177	4.88667	18 	15 	1  	96    	2.91556
19 	92    	244.42 	19 	351	142	92    	56.9222	4.61333	19 	16 	1  	92    	2.71977
20 	109   	253.247	20 	366	142	109   	52.9327	4.15333	20 	12 	1  	109   	2.07119
21 	98    	255.167	21 	372	142	98    	50.7546	3.82667	21 	9  	1  	98    	1.68818
22 	76    	243.233	22 	343	139	76    	54.6487	3.82667	22 	12 	1  	76    	1.79535
23 	92    	243.66 	23 	360	139	92    	57.548 	3.73333	23 	9  	1  	92    	1.63978
24 	90    	241.173	24 	361	139	90    	57.2701	4.11333	24 	10 	1  	90    	1.78339
25 	83    	242.373	25 	347	142	83    	55.9946	4.04667	25 	10 	1  	83    	1.88091
26 	105   	249.02 	26 	359	142	105   	56.571 	3.81333	26 	11 	1  	105   	1.75646
27 	83    	247.68 	27 	378	142	83    	58.3378	3.85333	27 	10 	1  	83    	1.76404
28 	101   	248.98 	28 	378	142	101   	55.9049	3.9    	28 	11 	1  	101   	1.93477
29 	74    	239.28 	29 	367	142	74    	57.7132	4.15333	29 	13 	1  	74    	2.32016
30 	89    	240.12 	30 	371	142	89    	57.0813	4.1    	30 	14 	1  	89    	1.90351
31 	93    	246.567	31 	356	142	93    	57.7435	4.12667	31 	12 	1  	93    	2.0536 
32 	85    	241.453	32 	336	142	85    	54.8754	4.06667	32 	11 	1  	85    	1.93793
33 	94    	244.093	33 	378	142	94    	61.6679	3.86   	33 	10 	1  	94    	1.8869 
34 	100   	246.153	34 	361	142	100   	57.4565	4.31333	34 	11 	1  	100   	2.12018
35 	87    	239.54 	35 	351	142	87    	65.4155	3.95333	35 	12 	1  	87    	2.22811
36 	84    	231.953	36 	355	142	84    	65.6388	3.75333	36 	13 	1  	84    	1.91811
37 	85    	231.087	37 	363	142	85    	63.8693	3.7    	37 	13 	1  	85    	2.01577
38 	82    	226.167	38 	359	142	82    	63.3029	3.67333	38 	11 	1  	82    	2.07042
39 	89    	239.167	39 	358	142	89    	61.3427	4.14667	39 	11 	1  	89    	2.36188
40 	87    	239.5  	40 	367	142	87    	59.1263	3.64667	40 	11 	1  	87    	1.90836
41 	94    	245.173	41 	358	142	94    	65.0524	3.57333	41 	14 	1  	94    	1.84155
42 	93    	244.147	42 	358	142	93    	61.3068	4.02   	42 	12 	1  	93    	2.07676
43 	100   	248.933	43 	372	142	100   	58.287 	3.94   	43 	12 	1  	100   	2.01074
44 	87    	247.893	44 	372	142	87    	55.2975	4.52   	44 	14 	1  	87    	2.7294 
45 	92    	243.553	45 	361	142	92    	58.3318	4.50667	45 	14 	1  	92    	2.47587
46 	105   	246.947	46 	356	142	105   	56.2491	4.27333	46 	13 	1  	105   	2.34634
47 	90    	243.207	47 	346	142	90    	58.3585	4.32   	47 	13 	1  	90    	2.3447 
48 	92    	247.12 	48 	359	142	92    	56.3905	4.10667	48 	13 	1  	92    	2.24246
49 	88    	241.207	49 	371	142	88    	56.5738	4.14   	49 	14 	1  	88    	2.65589
50 	93    	247.98 	50 	371	142	93    	56.2976	4.6    	50 	14 	1  	93    	2.97097
51 	97    	250.633	51 	356	142	97    	53.7233	4.82667	51 	15 	1  	97    	3.33816
52 	95    	251.353	52 	345	142	95    	51.419 	5.45333	52 	17 	1  	95    	3.64342
53 	92    	244.013	53 	345	142	92    	47.4662	5.94   	53 	22 	1  	92    	3.8974 
54 	81    	242.58 	54 	352	142	81    	51.9478	4.94   	54 	15 	1  	81    	3.41805
55 	94    	248.693	55 	366	142	94    	57.1539	4.64667	55 	19 	1  	94    	3.53107
56 	87    	243.34 	56 	356	142	87    	52.5212	4.52667	56 	19 	1  	87    	3.24694
57 	89    	245.52 	57 	361	142	89    	60.5808	4.86667	57 	16 	1  	89    	3.25508
58 	102   	246.08 	58 	378	142	102   	57.233 	4.98667	58 	15 	1  	102   	3.58513
59 	94    	245.813	59 	367	142	94    	57.075 	4.7    	59 	22 	1  	94    	3.46939
60 	89    	242.953	60 	356	142	89    	58.74  	4.40667	60 	14 	1  	89    	2.73519
61 	84    	238.08 	61 	340	142	84    	58.1389	4.40667	61 	16 	1  	84    	3.01573
62 	89    	239.06 	62 	367	142	89    	59.9411	3.98667	62 	12 	1  	89    	2.12599
63 	89    	243.967	63 	360	142	89    	60.7309	3.96667	63 	14 	1  	89    	2.26102
64 	102   	253.36 	64 	361	142	102   	52.8382	4.02   	64 	11 	1  	102   	1.95438
65 	96    	252.873	65 	355	142	96    	53.7277	3.96667	65 	10 	1  	96    	2.11161
66 	90    	247.207	66 	365	142	90    	55.0836	4.06   	66 	11 	1  	90    	2.19463
67 	89    	243.773	67 	366	142	89    	58.9006	3.77333	67 	11 	1  	89    	1.89437
68 	87    	241.4  	68 	367	142	87    	60.159 	3.69333	68 	10 	1  	87    	1.8072 
69 	90    	236.247	69 	339	142	90    	59.8119	3.7    	69 	13 	1  	90    	1.93821
70 	104   	250.673	70 	341	142	104   	53.1959	4.13333	70 	13 	1  	104   	2.1187 
71 	107   	256.32 	71 	360	142	107   	55.8959	4.38   	71 	14 	1  	107   	2.6424 
72 	94    	256.547	72 	367	142	94    	56.5614	4.25333	72 	12 	1  	94    	2.23662
73 	85    	242.52 	73 	363	142	85    	55.4152	4.28   	73 	11 	1  	85    	2.13891
74 	90    	241.34 	74 	368	142	90    	63.4013	3.93333	74 	11 	1  	90    	1.84632
75 	94    	238.513	75 	378	142	94    	59.2273	3.92667	75 	13 	1  	94    	1.92214
76 	101   	247.28 	76 	359	142	101   	63.7059	3.97333	76 	12 	1  	101   	1.98644
77 	93    	247.527	77 	365	142	93    	58.8786	3.85333	77 	12 	1  	93    	1.83444
78 	85    	241.153	78 	372	142	85    	65.6413	3.90667	78 	10 	1  	85    	1.75631
79 	90    	244.447	79 	366	142	90    	61.5305	3.73333	79 	10 	1  	90    	1.7075 
80 	83    	242.12 	80 	352	142	83    	60.9941	3.52667	80 	9  	1  	83    	1.49085
81 	82    	234.427	81 	338	142	82    	59.4188	3.53333	81 	9  	1  	82    	1.58605
82 	95    	237.84 	82 	367	142	95    	62.8863	3.41333	82 	9  	1  	95    	1.35246
83 	93    	239.953	83 	363	142	93    	59.7149	3.53333	83 	12 	1  	93    	1.59025
84 	92    	239.52 	84 	356	142	92    	60.6051	3.45333	84 	11 	1  	92    	1.6066 
85 	88    	234.133	85 	348	142	88    	63.0171	3.64667	85 	13 	1  	88    	1.89081
86 	94    	237.187	86 	346	113	94    	67.893 	3.62667	86 	10 	1  	94    	1.61058
87 	80    	227.94 	87 	353	113	80    	70.9731	3.74667	87 	13 	1  	80    	1.90153
88 	70    	217.027	88 	358	113	70    	70.3675	3.76   	88 	11 	1  	70    	1.8099 
89 	90    	230.387	89 	353	113	90    	68.9479	4.02667	89 	10 	1  	90    	1.95941
90 	103   	243.867	90 	366	113	103   	66.1559	4.60667	90 	14 	1  	103   	2.39415
91 	87    	240.38 	91 	351	113	87    	64.7257	4.65333	91 	13 	1  	87    	2.36921
92 	83    	234.007	92 	355	113	83    	68.8595	4.67333	92 	11 	1  	83    	2.36219
93 	79    	231.133	93 	371	113	79    	69.125 	4.62667	93 	15 	1  	79    	2.64461
94 	104   	248.993	94 	367	113	104   	67.4629	4.86   	94 	15 	1  	104   	2.71055
95 	98    	242.893	95 	361	113	98    	60.9338	5.16667	95 	13 	1  	98    	2.63671
96 	81    	236.827	96 	368	113	81    	62.6972	5.31333	96 	14 	1  	81    	2.89859
97 	87    	226.147	97 	346	113	87    	64.1921	5.43333	97 	17 	1  	87    	3.03626
98 	89    	233.96 	98 	334	113	89    	62.2315	5.53333	98 	14 	1  	89    	2.91814
99 	87    	235.46 	99 	371	113	87    	61.7933	5.72   	99 	16 	1  	87    	3.14562
100	93    	239.753	100	361	113	93    	66.2806	5.59333	100	14 	1  	93    	2.90309
101	85    	231.227	101	366	113	85    	62.0889	5.55333	101	18 	1  	85    	3.3735 
102	100   	248.5  	102	366	113	100   	62.9409	5.77333	102	14 	1  	100   	2.96231
103	100   	247.52 	103	354	113	100   	61.6803	5.80667	103	15 	1  	100   	2.8582 
104	89    	242.98 	104	378	113	89    	60.8498	6.01333	104	21 	1  	89    	3.10051
105	71    	226.12 	105	345	113	71    	62.1888	6.21333	105	21 	1  	71    	2.90192
106	93    	229.593	106	353	113	93    	65.4233	6.50667	106	14 	1  	93    	2.56319
107	91    	240.06 	107	356	113	91    	62.0676	6.77333	107	14 	2  	91    	2.75958
108	88    	228.847	108	349	113	88    	70.11  	7.09333	108	16 	1  	88    	2.91055
109	83    	228    	109	378	113	83    	71.7825	7.45333	109	18 	2  	83    	2.80853
110	98    	238.813	110	378	113	98    	69.3761	8.06   	110	20 	3  	98    	3.02926
111	85    	230.867	111	367	113	85    	69.2565	7.65333	111	16 	1  	85    	2.81895
112	93    	232.893	112	359	113	93    	72.5457	7.52   	112	19 	1  	93    	2.91369
113	80    	227.713	113	351	113	80    	72.9203	7.9    	113	17 	2  	80    	2.85132
114	94    	237.213	114	363	113	94    	74.8439	8.09333	114	18 	1  	94    	2.85271
115	90    	228.96 	115	353	113	90    	74.2612	8.32667	115	16 	1  	90    	2.87169
116	91    	231.227	116	378	113	91    	72.66  	8.13333	116	21 	1  	91    	3.47882
117	91    	226.58 	117	367	113	91    	70.8435	8.20667	117	21 	1  	91    	3.29504
118	89    	234.453	118	359	113	89    	75.3758	8.29333	118	21 	1  	89    	3.35966
119	84    	228.493	119	333	113	84    	72.4832	8.08   	119	21 	1  	84    	3.24247
120	95    	233.32 	120	358	113	95    	69.6469	8.16   	120	19 	1  	95    	2.75458
121	83    	230.153	121	361	113	83    	76.6425	8.2    	121	17 	1  	83    	2.57164
122	94    	232.04 	122	356	113	94    	69.1067	8.03333	122	17 	1  	94    	2.63418
123	73    	224.407	123	350	113	73    	71.9597	8.44   	123	21 	1  	73    	3.35357
124	87    	225.567	124	365	113	87    	76.0505	7.92667	124	17 	1  	87    	2.80261
125	86    	226.707	125	361	113	86    	77.505 	8.07333	125	16 	1  	86    	2.95092
126	88    	234.693	126	361	113	88    	74.4387	8.47333	126	19 	2  	88    	3.29787
127	101   	237.46 	127	365	113	101   	67.8748	8.13333	127	18 	2  	101   	2.86046
128	88    	233.693	128	360	113	88    	73.2343	8.32667	128	18 	2  	88    	2.88096
129	81    	231.507	129	361	113	81    	75.1682	8.39333	129	19 	1  	81    	3.14303
130	96    	233.12 	130	358	113	96    	72.0126	8.4    	130	20 	1  	96    	3.21248
131	89    	237.7  	131	365	113	89    	73.78  	8.28667	131	21 	1  	89    	3.51821
132	78    	219.44 	132	351	113	78    	74.6084	8.55333	132	21 	1  	78    	3.75684
133	80    	217.273	133	348	113	80    	75.0867	8      	133	19 	1  	80    	3.02655
134	78    	227.433	134	361	113	78    	76.6576	7.92667	134	16 	1  	78    	2.91912
135	88    	225.707	135	350	113	88    	79.4791	7.64   	135	18 	1  	88    	2.70624
136	87    	225.433	136	372	113	87    	79.4319	8.2    	136	19 	1  	87    	2.65832
137	89    	227.493	137	354	113	89    	76.1097	7.82667	137	19 	1  	89    	2.6901 
138	94    	236.773	138	354	113	94    	73.3907	8.16   	138	19 	1  	94    	2.77628
139	91    	231.627	139	355	113	91    	72.0349	8.18667	139	19 	1  	91    	3.05589
140	76    	220.673	140	367	113	76    	75.4756	8.24   	140	22 	1  	76    	2.98145
141	96    	232.433	141	348	113	96    	75.2181	8.48667	141	19 	3  	96    	3.08272
142	90    	235.693	142	363	113	90    	73.4648	8.43333	142	20 	1  	90    	3.30941
143	101   	239.947	143	345	113	101   	67.1985	8.48   	143	20 	1  	101   	3.46356
144	73    	227.36 	144	354	113	73    	74.8862	7.91333	144	17 	1  	73    	3.50036
145	99    	238.233	145	367	113	99    	74.4682	7.78667	145	18 	1  	99    	3.30573
146	99    	244.253	146	366	113	99    	65.8237	7.72   	146	22 	1  	99    	3.61685
147	90    	238.833	147	352	113	90    	66.6521	8.04   	147	22 	1  	90    	3.94103
148	74    	223.4  	148	361	113	74    	72.3776	7.87333	148	20 	1  	74    	3.11833
149	65    	216.56 	149	378	113	65    	75.8432	8.06667	149	20 	1  	65    	3.33   
150	94    	230.793	150	356	113	94    	77.4046	8.24   	150	22 	1  	94    	3.32201
151	79    	228.307	151	367	113	79    	76.0506	8.64   	151	32 	1  	79    	4.11385
152	89    	232.327	152	348	113	89    	72.398 	8.77333	152	25 	1  	89    	3.92283
153	96    	236.313	153	350	113	96    	73.8854	8.41333	153	22 	1  	96    	3.35298
154	86    	235.627	154	378	113	86    	76.5908	8.39333	154	25 	1  	86    	3.06789
155	84    	232.68 	155	361	113	84    	74.4687	8.32   	155	18 	1  	84    	3.02946
156	95    	237.14 	156	343	113	95    	70.9048	8.13333	156	19 	1  	95    	3.37573
157	95    	237.387	157	356	113	95    	71.9931	8.04667	157	16 	1  	95    	2.94015
158	87    	227.193	158	372	113	87    	74.89  	8.23333	158	17 	1  	87    	2.76506
159	102   	243.38 	159	352	113	102   	75.5245	7.84667	159	17 	1  	102   	2.96139
160	91    	238.027	160	355	113	91    	73.1389	8.29333	160	17 	2  	91    	2.84616
161	87    	232.547	161	354	113	87    	71.6445	8.03333	161	17 	1  	87    	2.913  
162	87    	231.793	162	361	113	87    	76.4394	8.29333	162	16 	1  	87    	2.44553
163	98    	246.04 	163	354	113	98    	69.9598	8.24   	163	14 	1  	98    	2.48912
164	99    	242.84 	164	365	113	99    	70.1291	8.40667	164	18 	1  	99    	2.70579
165	77    	231.88 	165	365	113	77    	75.7073	8.15333	165	18 	1  	77    	2.60445
166	94    	237.113	166	356	113	94    	68.714 	8.48667	166	19 	1  	94    	3.25727
167	89    	234.147	167	361	113	89    	72.8981	8.45333	167	18 	2  	89    	2.97901
168	95    	236.873	168	366	113	95    	72.4047	8.66667	168	18 	1  	95    	3.35989
169	87    	234.753	169	354	113	87    	71.3388	8.09333	169	20 	2  	87    	3.41828
170	92    	240.44 	170	356	113	92    	65.1595	8.2    	170	25 	1  	92    	3.52893
171	88    	234.373	171	378	113	88    	65.5492	8.22   	171	25 	1  	88    	3.45421
172	71    	227.667	172	358	113	71    	68.6928	8.27333	172	17 	2  	71    	2.86099
173	84    	224.867	173	351	113	84    	71.1291	8.55333	173	17 	2  	84    	2.96094
174	85    	226.053	174	356	113	85    	76.5507	8.5    	174	22 	1  	85    	3.38969
175	94    	223.46 	175	367	113	94    	74.6497	8.04   	175	23 	1  	94    	3.47156
176	74    	224.033	176	359	113	74    	87.2609	8.28   	176	15 	1  	74    	2.67861
177	85    	221.593	177	355	113	85    	80.9895	8.49333	177	18 	3  	85    	2.67768
178	96    	231.28 	178	372	113	96    	75.4403	8.20667	178	14 	3  	96    	2.29578
179	83    	225.133	179	341	113	83    	73.2585	7.93333	179	18 	1  	83    	2.61704
180	89    	234.493	180	365	113	89    	72.0142	8.09333	180	16 	3  	89    	2.42582
181	100   	243.007	181	361	113	100   	70.8164	8.23333	181	19 	1  	100   	2.5908 
182	92    	242.407	182	349	113	92    	67.5951	8.02667	182	17 	1  	92    	3.00876
183	104   	245.227	183	378	113	104   	60.6089	7.98667	183	19 	1  	104   	3.10266
184	94    	249.227	184	354	113	94    	58.6665	8.13333	184	22 	1  	94    	3.46346
185	78    	238.873	185	355	113	78    	61.2293	8.06667	185	21 	1  	78    	3.60123
186	91    	243.54 	186	365	113	91    	67.394 	8.04   	186	22 	1  	91    	3.4523 
187	76    	233.533	187	366	113	76    	73.2421	8.33333	187	22 	1  	76    	3.10197
188	96    	235.84 	188	371	113	96    	71.2783	8.15333	188	26 	1  	96    	3.14693
189	83    	239.44 	189	378	113	83    	71.9186	8.66   	189	26 	1  	83    	3.51346
190	91    	235.307	190	348	113	91    	66.2805	8.32   	190	20 	1  	91    	3.63927
191	84    	225.62 	191	352	113	84    	68.2935	8.80667	191	25 	1  	84    	4.25158
192	75    	214.913	192	351	113	75    	71.7011	8.67333	192	26 	3  	75    	4.19444
193	100   	230.32 	193	367	113	100   	74.7726	8.33333	193	22 	1  	100   	2.89521
194	83    	227.327	194	378	113	83    	75.3078	8.3    	194	22 	1  	83    	3.17438
195	87    	226.54 	195	372	113	87    	72.839 	8.16   	195	22 	2  	87    	2.68596
196	95    	234.793	196	345	113	95    	70.7961	7.82667	196	16 	1  	95    	2.64511
197	80    	226.82 	197	358	113	80    	75.1446	7.93333	197	16 	1  	80    	2.80397
198	85    	220.8  	198	356	113	85    	74.4717	8.08667	198	15 	1  	85    	2.87735
199	97    	228.22 	199	368	113	97    	74.2509	8.17333	199	19 	1  	97    	3.05231
200	73    	221.04 	200	378	113	73    	80.7046	8.12667	200	19 	1  	73    	2.9649 
Best solution: lt(-8, add(sqrt(x), add(2, x)))

进程已结束，退出代码为 0
